-0.1286232844331032,-0.10231061098277631,-0.07180541808307074,-0.08750971654789842,-0.09608551445798923,-0.08656304033735546,-0.1286477054136318,-0.029554833008764266,-0.08219438042531756,-0.07141791820912433,-0.10892428004177208,-0.06023927352948366,-0.11700821709048097,-0.10997886205406346,-0.04659134683271735,-0.11472852370423675,-0.023375063326660565,-0.032727860943730744,-0.050307957120649706,-0.04159976866230122,-0.10184921509773477,-0.07983428874151412,-0.1277071353331028,-0.05617109675525279,-0.10888019607001218,-0.10169285668171885,-0.08926428377949155,-0.03810195835576863,-0.10727513136555551,-0.1351297468238019,-0.0864379400414389,-0.09749097778317224,-0.11803184184592094,-0.04632683991853333,-0.023165989267881198
-0.12425733395277282
-0.0703159447019772,-0.04136738329910134,-0.0874413342396175,-0.12550532723862834,-0.10796967759769872,-0.08938793530748877,-0.12336830316452779,-0.09673294815257114,-0.11919059690037828,-0.11669309426564237,-0.05896308589153063,-0.0974668769008274,-0.06191450956359121,-0.0716229974182415,-0.11957181721508588,-0.056184269891566455,-0.11289731409115925,-0.023538860805984232,-0.0739648298559048,-0.03613385882407209,-0.12592210206821847,-0.09841201300069011,-0.09611396280958864,-0.11620926844066953,-0.06228825197535645,-0.06572548233483722,-0.12341472826746905,-0.06948990007352392,-0.11407700189964388,-0.026485274565026067,-0.1073935747030337,-0.040820481721706325,-0.08978964692687434,-0.050425063502276775,-0.026465042389473704
-0.10874108074436072
-0.10009889093402544,-0.10444372367497178,-0.10117338317629891,-0.08285849932902724,-0.03138994594650571,-0.07100971777507119,-0.08259729183805613,-0.09674238098623532,-0.07350335708787083,-0.0965606314984789,-0.09580974800324965,-0.0311580967948691,-0.07457281756287573,-0.06774157268585972,-0.10467188338711743,-0.05699629071587392,-0.09832606409026884,-0.11093495277642502,-0.028895853679468737,-0.05106696711541241,-0.03283484246226604,-0.11544492153638121,-0.0956402978197879,-0.10363024374489621,-0.03696496137137945,-0.0956551655410539,-0.04457226293835661,-0.0790013192139358,-0.10001758225409983,-0.09523723416812646,-0.06075335553172693,-0.1123722004246179,-0.05631596371802009,-0.06212625711628009,-0.08193733385374662
-0.17504507881628265
-0.08169318442419624,-0.0482164815331963,-0.11979908652437837,-0.08669881378342092,-0.08342145141508903,-0.07145212406125433,-0.11340503122306632,-0.036779844706064116,-0.04289116684261816,-0.06811676008584396,-0.10285421662998356,-0.12580448897657692,-0.05646602276612824,-0.09232389710194164,-0.05996225553426829,-0.09468615837419178,-0.12475326117980567,-0.05428080392764412,-0.0705163263613569,-0.07761267404944529,-0.05490436627390639,-0.048684727274065795,-0.08096367161877255,-0.033141691223043765,-0.10256303282440003,-0.09765972525038863,-0.07609439331908514,-0.044882665172030836,-0.06533895588433049,-0.06329675770515224,-0.04659580856846382,-0.04839990473860552,-0.07621857222928376,-0.0675501262836612,-0.026620194068930583
-0.19638509110377803
-0.06620234997005449,-0.09652666735393811,-0.09370057050307777,-0.09723647677744864,-0.11924383862326549,-0.03553392922060993,-0.037397702295009556,-0.06644926133553343,-0.11633432059736025,-0.040447728065247615,-0.03749692831776044,-0.1141835549650353,-0.028367823598846664,-0.07783398994966323,-0.04736875544247577,-0.11282843202379184,-0.05031841273905846,-0.051899960879107504,-0.050861107716013765,-0.08292154831353435,-0.11685433264034659,-0.11758404168859846,-0.11442831957885494,-0.05366779355685161,-0.020502109947519356,-0.08980819626545233,-0.048677128592917396,-0.04974628866716995,-0.08976630003905117,-0.08023086764513405,-0.08315103964824352,-0.0822086138346812,-0.11947887643064183,-0.10255584059557489,-0.032394087271273755
-0.11937803898164814
-0.08917572367698767,-0.046424662038949106,-0.07010550387701361,-0.07453914726635091,-0.1533277209601982,-0.04645652695485942,-0.11421016824735124,-0.08550468999698695,-0.1456027444923043,-0.0458174349143749,-0.14197915188407786,-0.130501369216014,-0.10282423489558941,-0.0713341128468363,-0.05509473321321821,-0.1548696673890364,-0.05649955451034478,-0.07413374568852935,-0.048182834173109985,-0.10457815007758364,-0.06868033536279002,-0.08770684801988107,-0.05746293960970343,-0.12113449114893107,-0.054507002052083,-0.0981870680614444,-0.12179981891837938,-0.08682112291871757,-0.12948029609088363,-0.07887861317536804,-0.10655244524850122,-0.07839196343312409,-0.06665900755232906,-0.052556638047423505,-0.10700403461497829
-0.1931540748440008
-0.12900470142072581,-0.10346729498469105,-0.09978663698013301,-0.06090227926965988,-0.12185355051857334,-0.08942253466243018,-0.13421331751257,-0.09071233066342582,-0.12997724942834438,-0.11692580547537482,-0.10944521706058069,-0.03984775353637121,-0.059356893496135384,-0.06820593159005985,-0.12081785546243465,-0.07771873411847206,-0.100882811518066,-0.06128198574429521,-0.10102668398486146,-0.05648036593654819,-0.0484857671428082,-0.12311747328744224,-0.1272408095369687,-0.11311905587166467,-0.08004260349787218,-0.04893086425929951,-0.11825609857847484,-0.05454386575824015,-0.07513240393046401,-0.11553798450232994,-0.056289479352355544,-0.1133201392942759,-0.13021428092194576,-0.08174599650616775,-0.08441553269407405
-0.12430353359257798
